Date,USDCNY,EURCNY,JPYCNY,HKDCNY,GBPCNY,AUDCNY,NZDCNY,SGDCNY,CHFCNY,CADCNY,CNYMYR,CNYRUB,CNYZAR,CNYKRW,CNYAED,CNYSAR,CNYHUF,CNYPLN,CNYDKK,CNYSEK,CNYNOK,CNYTRY,CNYMXN,CNYTHB
17 Aug 2020,6.9362,8.2172,6.5087,0.89490,9.0872,4.9834,4.5347,5.0628,7.6323,5.2324,0.60405,10.4991,2.5039,170.82,0.52957,0.54071,42.1440,0.53486,0.9064,1.2519,1.2809,1.06221,3.1656,4.4841
18 Aug 2020,6.9325,8.2328,6.5388,0.89448,9.0862,5.0019,4.5421,5.0679,7.6474,5.2414,0.60428,10.6301,2.5254,170.83,0.52983,0.54097,42.3787,0.53377,0.9045,1.2524,1.2755,1.06508,3.1950,4.4941
19 Aug 2020,6.9168,8.2579,6.5659,0.89247,9.1598,5.0105,4.5659,5.0699,7.6564,5.2549,0.60446,10.5479,2.5039,171.07,0.53122,0.54245,42.2320,0.53009,0.9017,1.2490,1.2771,1.06645,3.2026,4.5039
20 Aug 2020,6.9274,8.2059,6.5332,0.89385,9.0820,4.9789,4.5472,5.0553,7.5724,5.2429,0.60260,10.5726,2.4920,170.78,0.53028,0.54147,42.4994,0.53609,0.9075,1.2554,1.2861,1.05129,3.1989,4.5174
21 Aug 2020,6.9107,8.1987,6.5352,0.89167,9.1320,4.9740,4.5143,5.0550,7.6144,5.2428,0.60432,10.6845,2.4973,171.52,0.53174,0.54299,42.5229,0.53449,0.9081,1.2598,1.2894,1.05691,3.1981,4.5448
24 Aug 2020,6.9194,8.1668,6.5381,0.89279,9.0639,4.9584,4.5261,5.0449,7.5901,5.2523,0.60371,10.8011,2.4763,171.95,0.53081,0.54204,42.9223,0.54005,0.9117,1.2693,1.3020,1.05826,3.1731,4.5595
25 Aug 2020,6.9183,8.1586,6.5277,0.89266,9.0409,4.9562,4.5125,5.0477,7.5857,5.2327,0.60359,10.7623,2.4512,171.87,0.53093,0.54214,43.1352,0.53866,0.9124,1.2705,1.3010,1.06601,3.1792,4.5516
26 Aug 2020,6.9079,8.1753,6.4952,0.89130,9.0828,4.9723,4.5242,5.0503,7.6088,5.2460,0.60339,10.8991,2.4363,171.80,0.53168,0.54289,43.1312,0.53791,0.9105,1.2673,1.2961,1.07073,3.1714,4.5522
27 Aug 2020,6.8903,8.1498,6.5022,0.88905,9.0984,4.9845,4.5631,5.0425,7.5849,5.2383,0.60554,10.9600,2.4501,172.20,0.53358,0.54484,43.6560,0.54140,0.9133,1.2660,1.2886,1.07001,3.1872,4.5433
28 Aug 2020,6.8891,8.1391,6.4581,0.88891,9.0888,4.9999,4.5735,5.0411,7.5739,5.2470,0.60577,10.8808,2.4760,172.19,0.53332,0.54457,43.7426,0.54184,0.9145,1.2669,1.2938,1.06846,3.2149,4.5393
31 Aug 2020,6.8605,8.1649,6.4957,0.88520,9.1522,5.0482,4.6193,5.0482,7.5848,5.2393,0.60754,10.7991,2.4190,172.30,0.53578,0.54710,43.3452,0.53728,0.9116,1.2584,1.2813,1.06920,3.1742,4.5392
01 Sep 2020,6.8498,8.1773,6.4646,0.88383,9.1518,5.0532,4.6134,5.0347,7.5753,5.2512,0.60734,10.7753,2.4748,173.29,0.53642,0.54773,43.4465,0.53770,0.9103,1.2627,1.2748,1.07432,3.2000,4.5374
02 Sep 2020,6.8376,8.1465,6.4520,0.88227,9.1541,5.0402,4.6226,5.0216,7.5141,5.2346,0.60636,10.7682,2.4348,173.44,0.53744,0.54878,43.6939,0.53875,0.9139,1.2699,1.2812,1.07798,3.1840,4.5598
03 Sep 2020,6.8319,8.0941,6.4304,0.88151,9.1186,5.0098,4.6231,5.0133,7.4957,5.2365,0.60662,11.0403,2.4613,173.71,0.53775,0.54913,44.2470,0.54500,0.9195,1.2763,1.2953,1.07974,3.1813,4.5794
04 Sep 2020,6.8359,8.0974,6.4441,0.88203,9.0694,4.9632,4.5755,5.0067,7.5145,5.2041,0.60648,11.0030,2.4515,173.94,0.53731,0.54868,44.3130,0.54793,0.9189,1.2784,1.3061,1.08769,3.1745,4.5955
07 Sep 2020,6.8386,8.0958,6.4347,0.88236,9.0594,4.9810,4.5904,5.0100,7.4861,5.2304,0.60658,11.0182,2.4305,173.73,0.53711,0.54845,44.5266,0.55073,0.9191,1.2776,1.3051,1.08725,3.1516,4.5900
08 Sep 2020,6.8364,8.0781,6.4314,0.88207,8.9992,4.9773,4.5755,5.0022,7.4603,5.2212,0.60800,11.0847,2.4464,173.78,0.53732,0.54871,44.5257,0.54874,0.9212,1.2829,1.3071,1.09043,3.1602,4.5947
09 Sep 2020,6.8423,8.0527,6.4572,0.88284,8.8713,4.9342,4.5254,4.9906,7.4535,5.1684,0.60866,11.1437,2.4816,173.68,0.53674,0.54812,44.3755,0.55264,0.9241,1.2910,1.3383,1.09345,3.1944,4.5877
10 Sep 2020,6.8331,8.0672,6.4321,0.88163,8.8831,4.9713,4.5653,4.9984,7.4919,5.1949,0.61014,11.0210,2.4317,173.58,0.53770,0.54911,44.2646,0.55051,0.9225,1.2796,1.3191,1.09544,3.1312,4.5766
11 Sep 2020,6.8389,8.0877,6.4425,0.88240,8.7611,4.9679,4.5490,4.9952,7.5144,5.1859,0.60879,10.9905,2.4690,173.59,0.53714,0.54855,44.2150,0.55053,0.9200,1.2811,1.3248,1.08924,3.1346,4.5784
14 Sep 2020,6.8361,8.0936,6.4412,0.88203,8.7511,4.9751,4.5611,4.9983,7.5198,5.1832,0.60732,10.9630,2.4465,173.60,0.53727,0.54869,44.1558,0.54947,0.9192,1.2838,1.3219,1.09382,3.1123,4.5801
15 Sep 2020,6.8222,8.0956,6.4526,0.88028,8.7630,4.9678,4.5695,4.9998,7.5097,5.1769,0.60729,11.0261,2.4417,173.50,0.53838,0.54980,44.1503,0.54954,0.9191,1.2854,1.3251,1.09764,3.0908,4.5890
16 Sep 2020,6.7825,8.0324,6.4348,0.87516,8.7346,4.9486,4.5497,4.9812,7.4632,5.1389,0.60949,11.0795,2.4239,174.01,0.54172,0.55325,44.5681,0.55462,0.9264,1.2966,1.3330,1.10473,3.1195,4.6013
17 Sep 2020,6.7675,7.9880,6.4427,0.87322,8.7682,4.9375,4.5493,4.9791,7.4308,5.1344,0.61050,11.0828,2.4069,173.78,0.54284,0.55438,44.9779,0.55717,0.9316,1.3016,1.3357,1.10705,3.0996,4.5981
18 Sep 2020,6.7591,8.0098,6.4521,0.87213,8.7707,4.9442,4.5713,4.9810,7.4412,5.1393,0.61101,11.0739,2.3929,172.98,0.54360,0.55511,45.0169,0.55596,0.9289,1.2979,1.3370,1.11660,3.0909,4.6102
21 Sep 2020,6.7595,8.0128,6.4679,0.87219,8.7482,4.9341,4.5718,4.9774,7.4233,5.1236,0.60840,11.1715,2.4100,171.97,0.54339,0.55492,44.9741,0.55615,0.9288,1.2971,1.3450,1.11923,3.1235,4.5971
22 Sep 2020,6.7872,7.9786,6.4770,0.87576,8.6938,4.9020,4.5227,4.9792,7.4125,5.0976,0.60825,11.1857,2.4760,171.41,0.54163,0.55310,45.3707,0.56307,0.9323,1.3044,1.3695,1.12505,3.1477,4.6153
23 Sep 2020,6.7986,7.9522,6.4727,0.87722,8.6561,4.8725,4.5054,4.9771,7.3868,5.1094,0.60862,11.1985,2.4717,171.34,0.54050,0.55193,45.6392,0.56365,0.9357,1.3121,1.3764,1.12885,3.1916,4.6196
24 Sep 2020,6.8028,7.9344,6.4601,0.87776,8.6512,4.8082,4.4522,4.9542,7.3647,5.0808,0.61087,11.2920,2.5157,171.59,0.53996,0.55140,46.0184,0.56843,0.9381,1.3250,1.3966,1.13254,3.2927,4.6368
25 Sep 2020,6.8121,7.9481,6.4588,0.87896,8.6874,4.8050,4.4603,4.9532,7.3511,5.1019,0.61180,11.2914,2.4860,171.70,0.53930,0.55072,45.6460,0.57211,0.9363,1.3355,1.3934,1.11866,3.2495,4.6339
28 Sep 2020,6.8252,7.9398,6.4654,0.88065,8.7101,4.8069,4.4721,4.9569,7.3515,5.1009,0.61062,11.4551,2.5088,171.93,0.53820,0.54961,45.7474,0.57332,0.9377,1.3370,1.4021,1.12319,3.2678,4.6301
29 Sep 2020,6.8171,7.9557,6.4608,0.87962,8.7597,4.8294,4.4716,4.9696,7.3736,5.0991,0.61200,11.5897,2.5011,171.66,0.53890,0.55033,46.0053,0.57652,0.9358,1.3253,1.3892,1.14372,3.2855,4.6448
30 Sep 2020,6.8101,7.9941,6.4429,0.87872,8.7577,4.8627,4.4915,4.9769,7.4051,5.0864,0.61032,11.5884,2.4865,171.63,0.53963,0.55109,45.6755,0.56628,0.9315,1.3166,1.3818,1.14855,3.2889,4.6428
09 Oct 2020,6.7796,7.9865,6.4043,0.87478,8.7840,4.8692,4.4716,4.9993,7.4054,5.1463,0.61145,11.3952,2.4413,170.06,0.54104,0.55254,44.7475,0.56165,0.9320,1.3048,1.3632,1.16955,3.1479,4.5944
12 Oct 2020,6.7126,7.9229,6.3474,0.86614,8.7362,4.8445,4.4673,4.9498,7.3644,5.1057,0.61684,11.4485,2.4613,171.22,0.54791,0.55956,44.9458,0.56392,0.9393,1.3124,1.3640,1.17363,3.1560,4.6356
13 Oct 2020,6.7296,7.9386,6.3804,0.86833,8.7812,4.8422,4.4671,4.9541,7.3949,5.1263,0.61693,11.4312,2.4555,170.66,0.54640,0.55805,45.0385,0.56133,0.9371,1.3089,1.3596,1.17342,3.1538,4.6351
14 Oct 2020,6.7473,7.9222,6.3950,0.87061,8.7255,4.8324,4.4888,4.9595,7.3711,5.1334,0.61382,11.4169,2.4413,170.13,0.54458,0.55616,45.6586,0.56720,0.9397,1.3090,1.3694,1.17470,3.1626,4.6307
15 Oct 2020,6.7374,7.9129,6.4058,0.86934,8.7662,4.8094,4.4827,4.9610,7.3746,5.1229,0.61537,11.5448,2.4528,170.32,0.54526,0.55685,45.9229,0.57057,0.9407,1.3106,1.3724,1.17407,3.1654,4.6301
16 Oct 2020,6.7332,7.8823,6.3887,0.86879,8.6857,4.7737,4.4437,4.9499,7.3616,5.0915,0.61690,11.5910,2.4740,170.04,0.54560,0.55718,46.2637,0.57661,0.9444,1.3181,1.3906,1.17866,3.1612,4.6371
19 Oct 2020,6.7010,7.8493,6.3529,0.86464,8.6591,4.7505,4.4332,4.9335,7.3197,5.0816,0.61929,11.6183,2.4696,170.62,0.54830,0.55995,46.4343,0.57910,0.9483,1.3208,1.3970,1.18177,3.1507,4.6564
20 Oct 2020,6.6930,7.8757,6.3459,0.86361,8.6652,4.7223,4.4124,4.9267,7.3500,5.0735,0.61875,11.6070,2.4687,170.58,0.54886,0.56049,46.3301,0.58058,0.9449,1.3194,1.3953,1.17756,3.1668,4.6627
21 Oct 2020,6.6781,7.8950,6.3258,0.86169,8.6460,4.7090,4.3930,4.9197,7.3603,5.0868,0.62201,11.5792,2.4651,170.59,0.55044,0.56207,45.9926,0.57781,0.9429,1.3095,1.3885,1.17787,3.1622,4.6802
22 Oct 2020,6.6556,7.8863,6.3572,0.85878,8.7372,4.7296,4.4229,4.9105,7.3437,5.0587,0.62280,11.5339,2.4540,170.23,0.55214,0.56382,46.1045,0.57963,0.9436,1.3137,1.3873,1.17397,3.1756,4.6907
23 Oct 2020,6.6703,7.8762,6.3570,0.86068,8.7192,4.7520,4.4475,4.9138,7.3489,5.0760,0.62150,11.4670,2.4312,170.03,0.55095,0.56256,46.2380,0.58023,0.9443,1.3142,1.3868,1.19162,3.1457,4.6915
26 Oct 2020,6.6725,7.8995,6.3690,0.86096,8.7027,4.7547,4.4566,4.9116,7.3724,5.0725,0.62272,11.4147,2.4321,169.30,0.55076,0.56235,46.1939,0.57802,0.9419,1.3132,1.3882,1.19560,3.1336,4.6916
27 Oct 2020,6.6989,7.9083,6.3873,0.86437,8.7190,4.7699,4.4730,4.9207,7.3772,5.0721,0.62150,11.3958,2.4186,168.55,0.54846,0.56002,46.1603,0.57899,0.9407,1.3055,1.3798,1.20870,3.1278,4.6689
28 Oct 2020,6.7195,7.9121,6.4277,0.86703,8.7531,4.7833,4.4995,4.9334,7.3892,5.0926,0.62023,11.5074,2.4116,167.94,0.54682,0.55835,46.1562,0.57960,0.9402,1.3011,1.3695,1.21992,3.1327,4.6510
29 Oct 2020,6.7260,7.9000,6.4457,0.86778,8.7310,4.7411,4.4677,4.9260,7.3837,5.0502,0.61910,11.7612,2.4355,168.48,0.54628,0.55781,46.6216,0.58607,0.9424,1.3157,1.3923,1.22997,3.1605,4.6482
30 Oct 2020,6.7232,7.8463,6.4268,0.86722,8.6905,4.7273,4.4539,4.9186,7.3406,5.0462,0.61832,11.7405,2.4393,168.35,0.54655,0.55808,46.8729,0.58937,0.9490,1.3277,1.4192,1.23528,3.1788,4.6466
02 Nov 2020,6.7050,7.8069,6.4086,0.86480,8.6686,4.7038,4.4258,4.9059,7.3122,5.0220,0.61988,11.8614,2.4240,169.40,0.54781,0.55940,46.9425,0.59024,0.9537,1.3292,1.4266,1.24775,3.1713,4.6507
03 Nov 2020,6.6957,7.7914,6.3896,0.86378,8.6478,4.7212,4.4373,4.9057,7.2845,5.0633,0.62075,12.0085,2.4206,169.35,0.54873,0.56027,47.0334,0.59067,0.9558,1.3307,1.4281,1.26073,3.1933,4.6488
04 Nov 2020,6.6771,7.8375,6.3792,0.86123,8.7463,4.7975,4.4842,4.9147,7.3259,5.0919,0.62227,11.8504,2.3989,169.48,0.55035,0.56199,46.3267,0.57891,0.9495,1.3196,1.3991,1.26412,3.1485,4.6487
05 Nov 2020,6.6895,7.8503,6.4078,0.86256,8.6749,4.8053,4.4835,4.9290,7.3441,5.1003,0.62247,11.6160,2.3692,169.64,0.54876,0.56033,46.1997,0.57775,0.9479,1.3120,1.3918,1.26131,3.1295,4.6458
06 Nov 2020,6.6290,7.8278,6.3908,0.85498,8.6990,4.8098,4.4778,4.9029,7.3228,5.0670,0.62636,11.6267,2.3707,169.89,0.55461,0.56631,45.8591,0.57841,0.9517,1.3138,1.3867,1.27264,3.1339,4.6507
09 Nov 2020,6.6123,7.8626,6.4034,0.85284,8.7131,4.8172,4.4931,4.9086,7.3534,5.0779,0.62464,11.7040,2.3585,169.52,0.55549,0.56720,45.5922,0.57278,0.9477,1.3057,1.3801,1.27668,3.1051,4.6277
10 Nov 2020,6.5897,7.7877,6.2625,0.84997,8.6731,4.7972,4.4978,4.8899,7.2171,5.0664,0.62374,11.5894,2.3365,169.28,0.55761,0.56938,46.1351,0.57525,0.9562,1.3085,1.3710,1.23050,3.0839,4.6408
11 Nov 2020,6.6070,7.8078,6.2777,0.85208,8.7620,4.8133,4.5131,4.9004,7.2212,5.0697,0.62325,11.5682,2.3614,168.86,0.55594,0.56768,45.5821,0.57614,0.9535,1.3041,1.3629,1.23789,3.0769,4.5935
12 Nov 2020,6.6236,7.7996,6.2831,0.85420,8.7584,4.8212,4.5600,4.9102,7.2243,5.0706,0.62378,11.6316,2.3598,167.88,0.55456,0.56628,45.5430,0.57450,0.9545,1.3037,1.3706,1.17824,3.0912,4.5715
13 Nov 2020,6.6285,7.8257,6.3069,0.85485,8.6973,4.7955,4.5293,4.9135,7.2468,5.0440,0.62309,11.6481,2.3604,168.21,0.55410,0.56581,45.3293,0.57355,0.9514,1.3036,1.3840,1.15941,3.1095,4.5645
16 Nov 2020,6.6048,7.8246,6.3104,0.85187,8.7225,4.8099,4.5295,4.9039,7.2412,5.0338,0.62386,11.7095,2.3506,168.07,0.55600,0.56771,45.7529,0.57301,0.9522,1.3130,1.3835,1.16045,3.0828,4.5688
17 Nov 2020,6.5762,7.7988,6.2910,0.84818,8.6957,4.8140,4.5426,4.8892,7.2080,5.0301,0.62524,11.5895,2.3288,168.44,0.55857,0.57037,46.0615,0.57306,0.9548,1.3101,1.3773,1.17107,3.0808,4.5892
18 Nov 2020,6.5593,7.7772,6.2936,0.84608,8.6905,4.7798,4.5154,4.8843,7.1939,5.0035,0.62562,11.6135,2.3451,168.77,0.56019,0.57202,46.4848,0.57714,0.9577,1.3146,1.3831,1.17400,3.0937,4.6021
19 Nov 2020,6.5484,7.7618,6.3067,0.84472,8.6866,4.7830,4.5329,4.8788,7.1846,5.0073,0.62399,11.5987,2.3576,168.92,0.56090,0.57275,46.4340,0.57553,0.9602,1.3128,1.3767,1.17716,3.1023,4.6274
20 Nov 2020,6.5786,7.8064,6.3352,0.84849,8.7169,4.7862,4.5448,4.8896,7.2219,5.0299,0.62292,11.5513,2.3440,169.41,0.55837,0.57017,45.9905,0.57221,0.9542,1.3077,1.3695,1.14838,3.0760,4.6189
23 Nov 2020,6.5719,7.7963,6.3289,0.84772,8.7397,4.8030,4.5616,4.8914,7.2136,5.0211,0.62259,11.5919,2.3477,169.64,0.55891,0.57067,46.1466,0.57288,0.9554,1.3101,1.3716,1.16331,3.0565,4.6101
24 Nov 2020,6.5809,7.7927,6.2968,0.84895,8.7695,4.8047,4.5629,4.8971,7.2133,5.0341,0.62178,11.5464,2.3389,169.03,0.55830,0.57006,46.2794,0.57358,0.9552,1.3106,1.3709,1.19774,3.0553,4.6074
25 Nov 2020,6.5749,7.8208,6.2900,0.84820,8.7849,4.8419,4.5878,4.9006,7.2169,5.0592,0.62140,11.4605,2.3109,168.69,0.55863,0.57039,46.1189,0.57061,0.9516,1.2990,1.3534,1.21650,3.0451,4.6141
26 Nov 2020,6.5780,7.8388,6.3004,0.84863,8.8040,4.8439,4.6072,4.9104,7.2441,5.0583,0.62127,11.4759,2.3008,168.40,0.55837,0.57015,46.0443,0.56942,0.9494,1.2915,1.3417,1.20572,3.0357,4.6085
27 Nov 2020,6.5755,7.8322,6.3074,0.84835,8.7792,4.8376,4.6048,4.9115,7.2532,5.0493,0.61864,11.5073,2.3123,168.10,0.55861,0.57040,46.0669,0.57137,0.9504,1.2966,1.3506,1.19747,3.0480,4.6055
30 Nov 2020,6.5782,7.8719,6.3181,0.84867,8.7702,4.8675,4.6313,4.9168,7.2741,5.0685,0.61846,11.5294,2.3166,167.87,0.55833,0.57010,45.9247,0.57000,0.9452,1.2919,1.3409,1.19253,3.0451,4.6040
01 Dec 2020,6.5921,7.8677,6.3185,0.85041,8.7887,4.8466,4.6257,4.9157,7.2558,5.0718,0.61812,11.5906,2.3451,168.14,0.55722,0.56899,45.6346,0.56913,0.9458,1.3005,1.3483,1.18712,3.0582,4.5944
02 Dec 2020,6.5611,7.9154,6.2894,0.84635,8.8026,4.8392,4.6329,4.9033,7.2900,5.0705,0.62148,11.5479,2.3246,168.61,0.56012,0.57195,45.0606,0.56193,0.9403,1.2938,1.3432,1.19310,3.0553,4.6121
03 Dec 2020,6.5592,7.9423,6.2767,0.84614,8.7674,4.8616,4.6344,4.9017,7.3289,5.0768,0.62119,11.4391,2.3304,167.81,0.56002,0.57187,45.2616,0.56349,0.9371,1.2912,1.3411,1.19752,3.0489,4.6090
04 Dec 2020,6.5507,7.9568,6.3081,0.84510,8.8135,4.8724,4.6326,4.9107,7.3528,5.0916,0.62091,11.3570,2.3175,166.72,0.56077,0.57268,44.8869,0.56144,0.9355,1.2895,1.3375,1.18879,3.0373,4.6088
07 Dec 2020,6.5362,7.9248,6.2712,0.84330,8.7680,4.8567,4.6030,4.8996,7.3310,5.1133,0.62170,11.3474,2.3271,165.86,0.56207,0.57398,45.2655,0.56406,0.9394,1.2935,1.3479,1.19410,3.0252,4.6179
08 Dec 2020,6.5320,7.9101,6.2794,0.84276,8.7206,4.8443,4.5959,4.8856,7.3310,5.1007,0.62334,11.2934,2.3211,165.89,0.56240,0.57436,45.5631,0.56553,0.9411,1.2858,1.3384,1.19450,3.0461,4.6164
09 Dec 2020,6.5311,7.9079,6.2713,0.84258,8.7328,4.8417,4.5995,4.8822,7.3487,5.0964,0.62328,11.2370,2.2962,166.18,0.56233,0.57436,45.3812,0.56260,0.9412,1.2959,1.3411,1.19617,3.0298,4.5980
10 Dec 2020,6.5476,7.9070,6.2788,0.84460,8.7441,4.8684,4.5942,4.8931,7.3605,5.1040,0.62050,11.2500,2.2878,165.93,0.56104,0.57303,45.0705,0.56005,0.9412,1.2971,1.3496,1.19487,3.0357,4.5901
11 Dec 2020,6.5405,7.9402,6.2737,0.84381,8.6996,4.9240,4.6389,4.8971,7.3801,5.1326,0.62088,11.1681,2.2963,166.22,0.56170,0.57362,44.5886,0.55742,0.9374,1.2910,1.3407,1.20662,3.0587,4.5933
14 Dec 2020,6.5361,7.9285,6.2860,0.84322,8.7061,4.9334,4.6379,4.8948,7.3561,5.1259,0.61960,11.1599,2.3072,166.87,0.56202,0.57393,44.7141,0.56040,0.9387,1.2898,1.3432,1.20242,3.0744,4.5993
15 Dec 2020,6.5434,7.9468,6.2896,0.84410,8.7204,4.9296,4.6345,4.9034,7.3780,5.1280,0.61977,11.2580,2.2957,166.96,0.56137,0.57331,44.5529,0.55829,0.9364,1.2838,1.3346,1.19967,3.0926,4.5976
16 Dec 2020,6.5355,7.9414,6.3050,0.84312,8.7835,4.9372,4.6299,4.9051,7.3796,5.1467,0.61990,11.2214,2.2776,166.90,0.56202,0.57398,44.8434,0.55911,0.9370,1.2824,1.3345,1.19885,3.0500,4.5950
17 Dec 2020,6.5362,7.9694,6.3161,0.84314,8.8242,4.9477,4.6447,4.9175,7.3824,5.1289,0.61974,11.2220,2.2671,167.34,0.56200,0.57402,44.5527,0.55669,0.9337,1.2779,1.3260,1.19339,3.0384,4.5931
18 Dec 2020,6.5315,8.0072,6.3325,0.84254,8.8630,4.9740,4.6680,4.9260,7.3821,5.1315,0.61768,11.1682,2.2418,167.42,0.56241,0.57444,44.3661,0.55407,0.9291,1.2680,1.3121,1.17921,3.0360,4.5642
21 Dec 2020,6.5507,7.9998,6.3353,0.84498,8.7827,4.9741,4.6562,4.9238,7.3969,5.1167,0.61710,11.2605,2.2418,167.92,0.56073,0.57273,44.7083,0.55990,0.9295,1.2646,1.3170,1.16979,3.0629,4.5599
22 Dec 2020,6.5387,8.0019,6.3269,0.84335,8.7937,4.9512,4.6372,4.9066,7.3831,5.0859,0.61946,11.4343,2.2349,168.67,0.56180,0.57381,45.0575,0.56160,0.9298,1.2616,1.3198,1.17001,3.0592,4.5985
23 Dec 2020,6.5558,7.9797,6.3296,0.84562,8.7742,4.9420,4.6189,4.9073,7.3784,5.0821,0.61939,11.5900,2.2396,169.19,0.56030,0.57234,45.3788,0.56442,0.9321,1.2718,1.3328,1.16810,3.0711,4.6099
24 Dec 2020,6.5361,7.9656,6.3089,0.84307,8.8266,4.9498,4.6362,4.9064,7.3590,5.0855,0.62153,11.4881,2.2335,169.21,0.56207,0.57415,45.4597,0.56534,0.9339,1.2680,1.3227,1.16891,3.0704,4.6220
25 Dec 2020,6.5333,7.9582,6.3024,0.84266,8.8531,4.9624,4.6368,4.9156,7.3342,5.0807,0.62148,11.3227,2.2375,168.66,0.56226,0.57446,45.5180,0.56582,0.9346,1.2618,1.3207,1.16063,3.0426,4.5974
28 Dec 2020,6.5236,7.9599,6.3003,0.84139,8.8472,4.9622,4.6419,4.9107,7.3315,5.0812,0.62230,11.3450,2.2431,168.63,0.56302,0.57530,45.4882,0.56563,0.9343,1.2653,1.3219,1.16068,3.0464,4.6109
29 Dec 2020,6.5451,7.9963,6.3114,0.84413,8.8084,4.9632,4.6482,4.9194,7.3665,5.0952,0.61857,11.2934,2.2375,167.57,0.56122,0.57346,45.4883,0.56185,0.9297,1.2640,1.3188,1.13805,3.0582,4.6087
30 Dec 2020,6.5325,8.0059,6.3080,0.84255,8.8178,4.9713,4.6713,4.9218,7.3891,5.0959,0.61954,11.3262,2.2527,167.04,0.56231,0.57452,45.5472,0.56709,0.9293,1.2555,1.3193,1.13169,3.0522,4.6006
31 Dec 2020,6.5249,8.0250,6.3236,0.84164,8.8903,5.0163,4.7050,4.9314,7.4006,5.1161,0.61833,11.4011,2.2433,166.75,0.56302,0.57505,45.4293,0.57079,0.9271,1.2559,1.3077,1.13161,3.0486,4.5896
04 Jan 2021,6.5408,8.0095,6.3354,0.84363,8.9440,5.0400,4.7046,4.9504,7.4053,5.1418,0.61413,11.3402,2.2409,166.15,0.56132,0.57331,45.3441,0.56908,0.9288,1.2538,1.3070,1.13680,3.0353,4.5829
05 Jan 2021,6.4760,7.9342,6.2789,0.83527,8.7864,4.9642,4.6463,4.9046,7.3487,5.0647,0.61883,11.4870,2.2730,167.55,0.56713,0.57919,45.5970,0.57429,0.9377,1.2737,1.3212,1.14605,3.0814,4.6183
06 Jan 2021,6.4604,7.9404,6.2883,0.83329,8.7969,5.0100,4.6815,4.9007,7.3520,5.0950,0.62191,11.4767,2.3194,168.38,0.56888,0.58101,45.2158,0.57094,0.9369,1.2670,1.3116,1.14466,3.0823,4.6349
07 Jan 2021,6.4608,7.9712,6.2696,0.83331,8.7994,5.0468,4.7159,4.9037,7.3583,5.1003,0.62075,11.4585,2.3309,168.26,0.56850,0.58065,44.9985,0.56765,0.9332,1.2629,1.3003,1.13071,3.0414,4.6302
08 Jan 2021,6.4708,7.9374,6.2331,0.83457,8.7764,5.0270,4.6998,4.8849,7.3100,5.1012,0.62390,11.5061,2.3849,168.75,0.56766,0.57977,45.2733,0.56895,0.9370,1.2656,1.3030,1.13349,3.0944,4.6437
11 Jan 2021,6.4764,7.8975,6.2266,0.83514,8.7639,5.0103,4.6695,4.8777,7.3031,5.0927,0.62282,11.4732,2.3650,168.90,0.56722,0.57932,45.5086,0.57109,0.9416,1.2744,1.3037,1.13619,3.0902,4.6512
12 Jan 2021,6.4823,7.8786,6.2213,0.83588,8.7610,4.9946,4.6479,4.8708,7.2820,5.0744,0.62535,11.5229,2.3962,169.35,0.56668,0.57883,45.8626,0.57430,0.9441,1.2811,1.3166,1.15350,3.0946,4.6516
13 Jan 2021,6.4605,7.8768,6.2193,0.83316,8.8186,5.0141,4.6616,4.8771,7.2811,5.0776,0.62801,11.3730,2.3568,169.78,0.56923,0.58144,45.5809,0.57404,0.9445,1.2776,1.3090,1.15504,3.0683,4.6542
14 Jan 2021,6.4746,7.8698,6.2321,0.83504,8.8311,5.0120,4.6528,4.8789,7.2940,5.0978,0.62460,11.4056,2.3548,169.72,0.56745,0.57959,45.7898,0.57661,0.9451,1.2883,1.3077,1.14327,3.0660,4.6396
15 Jan 2021,6.4633,7.8549,6.2263,0.83363,8.8456,5.0259,4.6655,4.8812,7.2762,5.1111,0.62431,11.3276,2.3337,169.61,0.56835,0.58048,45.7378,0.57819,0.9471,1.2859,1.3099,1.14046,3.0508,4.6407
18 Jan 2021,6.4845,7.8317,6.2431,0.83632,8.8126,4.9958,4.6263,4.8730,7.2772,5.0933,0.62297,11.3615,2.3457,170.11,0.56661,0.57865,46.0095,0.57929,0.9496,1.2947,1.3212,1.15143,3.0537,4.6363
19 Jan 2021,6.4883,7.8358,6.2570,0.83686,8.8124,4.9860,4.6148,4.8769,7.2817,5.0887,0.62410,11.3965,2.3413,170.01,0.56608,0.57812,45.9108,0.57864,0.9493,1.2943,1.3245,1.15352,3.0348,4.6399
20 Jan 2021,6.4836,7.8695,6.2405,0.83640,8.8448,4.9984,4.6213,4.8810,7.3002,5.0957,0.62434,11.3687,2.3144,169.94,0.56655,0.57860,45.4734,0.57610,0.9453,1.2848,1.3141,1.15265,3.0304,4.6269
21 Jan 2021,6.4696,7.8359,6.2457,0.83461,8.8402,5.0184,4.6476,4.8835,7.2739,5.1242,0.62526,11.3643,2.3041,169.94,0.56789,0.57995,45.5786,0.57870,0.9494,1.2893,1.3105,1.14543,3.0282,4.6320
22 Jan 2021,6.4617,7.8602,6.2407,0.83358,8.8696,5.0154,4.6609,4.8844,7.2983,5.1106,0.62376,11.4384,2.3112,170.20,0.56861,0.58067,45.3903,0.57658,0.9465,1.2805,1.3013,1.14093,3.0542,4.6330
25 Jan 2021,6.4819,7.8848,6.2439,0.83612,8.8691,5.0028,4.6546,4.8823,7.3188,5.0933,0.62382,11.6255,2.3365,170.30,0.56678,0.57885,45.3184,0.57544,0.9434,1.2814,1.3121,1.14480,3.0781,4.6256
26 Jan 2021,6.4847,7.8715,6.2486,0.83658,8.8668,5.0001,4.6660,4.8847,7.3010,5.0886,0.62371,11.6203,2.3494,169.93,0.56655,0.57859,45.4272,0.57674,0.9451,1.2773,1.3162,1.14280,3.1014,4.6247
27 Jan 2021,6.4665,7.8620,6.2382,0.83416,8.8822,5.0086,4.6767,4.8800,7.2915,5.0938,0.62548,11.6022,2.3295,170.44,0.56823,0.58030,45.7286,0.57793,0.9461,1.2839,1.3215,1.13703,3.0950,4.6361
28 Jan 2021,6.4845,7.8435,6.2233,0.83647,8.8618,4.9590,4.6339,4.8737,7.2883,5.0597,0.62392,11.6942,2.3568,171.02,0.56670,0.57873,45.9693,0.57989,0.9485,1.2914,1.3372,1.14114,3.1351,4.6274
29 Jan 2021,6.4709,7.8404,6.2021,0.83462,8.8768,4.9647,4.6408,4.8676,7.2798,5.0462,0.62554,11.7791,2.3504,172.41,0.56784,0.57989,45.7810,0.57936,0.9487,1.2896,1.3297,1.13596,3.1291,4.6383
01 Feb 2021,6.4623,7.8330,6.1673,0.83350,8.8502,4.9197,4.6261,4.8570,7.2470,5.0420,0.62589,11.7235,2.3514,173.20,0.56857,0.58060,45.5994,0.57703,0.9494,1.2959,1.3306,1.12892,3.1703,4.6329
02 Feb 2021,6.4736,7.8103,6.1695,0.83498,8.8501,4.9414,4.6364,4.8590,7.2192,5.0389,0.62461,11.7591,2.3272,172.60,0.56752,0.57953,45.6033,0.57738,0.9522,1.3007,1.3269,1.11072,3.1466,4.6330
03 Feb 2021,6.4669,7.7869,6.1554,0.83426,8.8354,4.9222,4.6579,4.8554,7.2025,5.0582,0.62567,11.7851,2.3137,172.52,0.56810,0.58018,45.6980,0.57551,0.9553,1.2982,1.3300,1.11286,3.1127,4.6390
04 Feb 2021,6.4605,7.7761,6.1517,0.83345,8.8154,4.9292,4.6616,4.8486,7.1884,5.0542,0.62679,11.7416,2.3138,172.44,0.56862,0.58069,45.6924,0.57676,0.9565,1.3000,1.3282,1.10832,3.1274,4.6452
05 Feb 2021,6.4710,7.7423,6.1296,0.83466,8.8478,4.9207,4.6342,4.8402,7.1568,5.0462,0.62743,11.6703,2.3182,173.06,0.56779,0.57983,45.9455,0.58123,0.9605,1.3070,1.3337,1.10298,3.1503,4.6470
08 Feb 2021,6.4678,7.7891,6.1361,0.83426,8.8836,4.9642,4.6590,4.8482,7.1936,5.0699,0.62890,11.5409,2.3059,173.22,0.56780,0.57989,45.7732,0.57572,0.9544,1.2946,1.3184,1.09144,3.1098,4.6470
09 Feb 2021,6.4533,7.7750,6.1301,0.83245,8.8657,4.9700,4.6586,4.8408,7.1778,5.0643,0.62970,11.5129,2.3034,173.25,0.56926,0.58138,46.1091,0.57583,0.9566,1.3006,1.3173,1.09723,3.1175,4.6480
10 Feb 2021,6.4391,7.7996,6.1574,0.83064,8.8920,4.9806,4.6579,4.8560,7.2126,5.0711,0.62832,11.4721,2.2878,173.01,0.57058,0.58271,45.9363,0.57371,0.9535,1.2934,1.3121,1.09775,3.1203,4.6483
18 Feb 2021,6.4536,7.7734,6.0968,0.83245,8.9464,5.0048,4.6418,4.8592,7.1832,5.0796,0.62546,11.4248,2.2680,171.50,0.56919,0.58127,46.1124,0.57776,0.9567,1.2894,1.3159,1.08064,3.1325,4.6473
19 Feb 2021,6.4624,7.8162,6.1175,0.83358,9.0309,5.0223,4.6668,4.8732,7.2150,5.0987,0.62518,11.4115,2.2570,171.24,0.56828,0.58032,45.9003,0.57433,0.9514,1.2851,1.3094,1.07847,3.1424,4.6426
22 Feb 2021,6.4563,7.8240,6.1170,0.83272,9.0492,5.0836,4.7125,4.8766,7.1962,5.1184,0.62563,11.4692,2.2724,171.13,0.56895,0.58097,45.8127,0.57305,0.9504,1.2816,1.3104,1.08176,3.1750,4.6435
23 Feb 2021,6.4516,7.8497,6.1456,0.83206,9.0791,5.1081,4.7275,4.8844,7.2039,5.1170,0.62639,11.4715,2.2739,172.09,0.56927,0.58131,45.7344,0.57277,0.9473,1.2816,1.3150,1.08773,3.2140,4.6484
24 Feb 2021,6.4615,7.8499,6.1382,0.83339,9.1193,5.1091,4.7407,4.8959,7.1411,5.1304,0.62554,11.4563,2.2533,171.81,0.56848,0.58047,45.6697,0.57415,0.9473,1.2818,1.3114,1.10023,3.1761,4.6462
25 Feb 2021,6.4522,7.8501,6.0911,0.83205,9.1261,5.1417,4.8021,4.8916,7.1139,5.1564,0.62630,11.3919,2.2464,171.73,0.56929,0.58132,45.8077,0.57403,0.9473,1.2825,1.2983,1.11108,3.1607,4.6559
26 Feb 2021,6.4713,7.8686,6.0831,0.83449,9.0629,5.0915,4.7674,4.8745,7.1435,5.1318,0.62553,11.5506,2.3197,172.71,0.56802,0.58001,45.8989,0.57438,0.9451,1.2821,1.3140,1.13586,3.2296,4.6757
01 Mar 2021,6.4754,7.8291,6.0792,0.83482,9.0460,5.0180,4.7057,4.8680,7.1336,5.0986,0.62572,11.5322,2.3243,173.60,0.56722,0.57922,46.2819,0.57730,0.9499,1.3007,1.3314,1.14529,3.2126,4.6875
02 Mar 2021,6.4625,7.7856,6.0488,0.83318,8.9976,5.0192,4.6964,4.8680,7.0622,5.1105,0.62691,11.4952,2.3213,172.89,0.56843,0.58052,46.7246,0.58210,0.9552,1.3034,1.3247,1.12670,3.1967,4.6769
03 Mar 2021,6.4565,7.8016,6.0469,0.83228,9.0085,5.0486,4.7047,4.8561,7.0545,5.1081,0.62795,11.4143,2.3132,174.03,0.56900,0.58107,46.6930,0.58182,0.9531,1.2989,1.3128,1.13819,3.1926,4.6847
04 Mar 2021,6.4758,7.8026,6.0471,0.83483,9.0192,5.0243,4.6835,4.8557,7.0378,5.1101,0.62597,11.4329,2.3310,173.89,0.56737,0.57948,46.6606,0.58246,0.9529,1.3019,1.3152,1.15209,3.2356,4.6860
05 Mar 2021,6.4904,7.7640,6.0114,0.83627,9.0140,5.0076,4.6597,4.8502,6.9823,5.1194,0.62634,11.5206,2.3566,174.51,0.56609,0.57816,47.0083,0.58756,0.9576,1.3104,1.3243,1.15953,3.2563,4.6871
08 Mar 2021,6.4795,7.7248,5.9725,0.83457,8.9743,4.9950,4.6529,4.8327,6.9630,5.1284,0.62905,11.4235,2.3667,173.95,0.56720,0.57932,47.5109,0.59388,0.9628,1.3164,1.3168,1.16106,3.2805,4.7062
09 Mar 2021,6.5338,7.7423,5.9977,0.84120,9.0316,5.0011,4.6580,4.8376,6.9786,5.1623,0.62885,11.4104,2.3758,174.47,0.56211,0.57414,47.4709,0.59358,0.9604,1.3130,1.3062,1.18905,3.2895,4.7179
10 Mar 2021,6.5106,7.7466,5.9935,0.83875,9.0421,5.0236,4.6725,4.8465,7.0139,5.1520,0.63217,11.3730,2.3493,174.66,0.56406,0.57611,47.3298,0.58987,0.9600,1.3054,1.3007,1.16958,3.2549,4.7245
11 Mar 2021,6.4970,7.7479,5.9927,0.83717,9.0517,5.0232,4.6720,4.8359,6.9885,5.1499,0.63441,11.3089,2.3201,175.24,0.56522,0.57719,47.3539,0.59049,0.9596,1.3049,1.2985,1.15457,3.2172,4.7261
12 Mar 2021,6.4845,7.7733,5.9754,0.83583,9.0737,5.0508,4.6872,4.8410,7.0145,5.1767,0.63322,11.2889,2.2854,174.48,0.56634,0.57831,46.9598,0.58967,0.9566,1.3029,1.2969,1.15325,3.1768,4.7100
15 Mar 2021,6.5010,7.7676,5.9589,0.83737,9.0535,5.0451,4.6711,4.8337,6.9943,5.2109,0.63343,11.2789,2.2995,174.63,0.56495,0.57694,47.2308,0.58972,0.9573,1.3056,1.2958,1.16359,3.1859,4.7293
16 Mar 2021,6.5029,7.7547,5.9579,0.83754,9.0365,5.0382,4.6829,4.8338,7.0102,5.2118,0.63199,11.1969,2.2861,174.50,0.56481,0.57678,47.3384,0.59171,0.9589,1.3095,1.3008,1.15840,3.1783,4.7261
17 Mar 2021,6.4978,7.7339,5.9592,0.83667,9.0326,5.0317,4.6727,4.8305,7.0258,5.2227,0.63288,11.2123,2.2890,174.01,0.56524,0.57719,47.5039,0.59407,0.9615,1.3082,1.3051,1.15288,3.1714,4.7333
18 Mar 2021,6.4859,7.7715,5.9583,0.83537,9.0638,5.0663,4.6998,4.8429,7.0347,5.2346,0.63456,11.3215,2.2581,173.11,0.56617,0.57813,47.1496,0.59141,0.9566,1.3022,1.2954,1.15593,3.1419,4.7337
19 Mar 2021,6.5098,7.7574,5.9765,0.83826,9.0657,5.0510,4.6667,4.8428,7.0199,5.2116,0.63168,11.4258,2.2615,173.27,0.56420,0.57615,47.5032,0.59538,0.9584,1.3079,1.3076,1.12483,3.1462,4.7426
22 Mar 2021,6.5191,7.7490,5.9857,0.83935,9.0214,5.0384,4.6664,4.8511,7.0110,5.2071,0.63042,11.4200,2.2730,173.60,0.56340,0.57535,47.4553,0.59616,0.9594,1.3124,1.3126,1.24842,3.1687,4.7325
23 Mar 2021,6.5036,7.7604,5.9782,0.83747,9.0137,5.0325,4.6334,4.8527,7.0425,5.1926,0.63238,11.5134,2.2639,173.33,0.56466,0.57661,47.1800,0.59211,0.9582,1.3089,1.3073,1.20452,3.1663,4.7494
24 Mar 2021,6.5228,7.7269,6.0098,0.83962,8.9605,4.9673,4.5635,4.8468,6.9817,5.1805,0.63239,11.7103,2.2805,173.66,0.56305,0.57488,47.3553,0.59773,0.9623,1.3183,1.3254,1.21705,3.1909,4.7505
25 Mar 2021,6.5282,7.7109,6.0030,0.84033,8.9337,4.9536,4.5488,4.8476,6.9756,5.1890,0.63291,11.7360,2.2915,173.79,0.56268,0.57451,47.2981,0.59993,0.9643,1.3196,1.3177,1.21289,3.2022,4.7503
26 Mar 2021,6.5376,7.6985,5.9874,0.84141,8.9875,4.9639,4.5539,4.8500,6.9586,5.1887,0.63406,11.6394,2.2946,173.30,0.56173,0.57362,47.3284,0.60183,0.9659,1.3226,1.3208,1.21569,3.1637,4.7607
29 Mar 2021,6.5416,7.7104,5.9595,0.84198,9.0200,4.9951,4.5730,4.8599,6.9622,5.1988,0.63371,11.5716,2.2935,172.70,0.56150,0.57335,47.0046,0.60092,0.9644,1.3216,1.3125,1.24032,3.1536,4.7561
30 Mar 2021,6.5641,7.7246,5.9762,0.84437,9.0380,5.0134,4.5975,4.8689,6.9915,5.2141,0.63076,11.5262,2.2730,172.41,0.55957,0.57140,46.9443,0.60398,0.9626,1.3237,1.3020,1.25867,3.1393,4.7520
31 Mar 2021,6.5713,7.7028,5.9554,0.84518,9.0313,4.9987,4.5925,4.8768,6.9764,5.2052,0.63155,11.5484,2.2689,172.46,0.55895,0.57075,47.1791,0.60439,0.9655,1.3290,1.3007,1.26648,3.1309,4.7605
01 Apr 2021,6.5584,7.6905,5.9197,0.84368,9.0392,4.9796,4.5785,4.8756,6.9474,5.2201,0.63192,11.5377,2.2534,172.06,0.56003,0.57187,47.0616,0.60216,0.9672,1.3315,1.3039,1.25853,3.1164,4.7659
02 Apr 2021,6.5649,7.7308,5.9352,0.84435,9.0821,5.0018,4.6110,4.8815,6.9693,5.2328,0.63126,11.6094,2.2275,171.90,0.55939,0.57122,46.7163,0.59322,0.9618,1.3274,1.2981,1.23756,3.0908,4.7583
06 Apr 2021,6.5527,7.7433,5.9470,0.84273,9.1158,5.0171,4.6297,4.8876,6.9987,5.2349,0.63113,11.6546,2.2206,171.54,0.56045,0.57231,46.5271,0.59282,0.9605,1.3278,1.2970,1.23876,3.0990,4.7820
07 Apr 2021,6.5384,7.7632,5.9569,0.84077,9.0413,5.0095,4.6143,4.8844,7.0246,5.2002,0.63106,11.7817,2.2194,170.98,0.56163,0.57356,46.4433,0.59127,0.9579,1.3174,1.2984,1.24591,3.0858,4.7895
08 Apr 2021,6.5463,7.7692,5.9590,0.84090,8.9928,4.9830,4.5873,4.8813,7.0406,5.1894,0.63133,11.7512,2.2263,170.92,0.56110,0.57300,46.1978,0.58853,0.9572,1.3181,1.2958,1.24715,3.0884,4.7919
09 Apr 2021,6.5409,7.7943,5.9838,0.84096,8.9847,5.0072,4.6177,4.8822,7.0782,5.2063,0.63195,11.7313,2.2194,170.51,0.56151,0.57336,45.9642,0.58299,0.9541,1.3050,1.2926,1.24434,3.0727,4.8036
12 Apr 2021,6.5578,7.8041,5.9772,0.84323,8.9901,4.9988,4.6154,4.8886,7.0880,5.2336,0.63052,11.8023,2.2240,171.01,0.56009,0.57193,45.8047,0.58056,0.9529,1.3023,1.2959,1.24687,3.0750,4.7967
13 Apr 2021,6.5454,7.7968,5.9836,0.84203,8.9998,4.9897,4.5994,4.8835,7.0954,5.2099,0.63121,11.8120,2.2266,171.81,0.56107,0.57287,45.8128,0.58118,0.9538,1.3100,1.2957,1.24543,3.0779,4.8101
14 Apr 2021,6.5362,7.8122,5.9958,0.84083,8.9914,4.9962,4.6139,4.8770,7.1012,5.2143,0.63231,11.6119,2.2195,171.71,0.56187,0.57374,45.9868,0.58438,0.9519,1.3018,1.2952,1.24069,3.0733,4.8155
15 Apr 2021,6.5297,7.8245,5.9948,0.84081,8.9963,5.0447,4.6631,4.8883,7.0747,5.2171,0.63174,11.6203,2.2037,170.95,0.56247,0.57437,45.8057,0.58196,0.9504,1.2963,1.2850,1.23662,3.0754,4.8005
16 Apr 2021,6.5288,7.8137,6.0072,0.84060,8.9992,5.0609,4.6847,4.8924,7.0812,5.2050,0.63153,11.6567,2.1697,171.21,0.56255,0.57444,45.9669,0.58238,0.9517,1.2936,1.2837,1.22994,3.0555,4.7877
19 Apr 2021,6.5233,7.8088,6.0010,0.83932,9.0173,5.0361,4.6528,4.8881,7.0869,5.2124,0.63250,11.6400,2.1939,171.19,0.56301,0.57495,46.2259,0.58154,0.9523,1.2944,1.2852,1.23748,3.0550,4.7823
20 Apr 2021,6.5103,7.8373,6.0207,0.83816,9.1063,5.0529,4.6774,4.8948,7.1136,5.1962,0.63323,11.7274,2.1844,171.46,0.56423,0.57613,46.0451,0.58071,0.9488,1.2898,1.2736,1.24393,3.0454,4.7927
21 Apr 2021,6.5046,7.8293,6.0177,0.83797,9.0659,5.0248,4.6631,4.8942,7.1014,5.1577,0.63269,11.8171,2.1982,171.55,0.56467,0.57656,46.1322,0.58140,0.9500,1.2971,1.2851,1.24748,3.0677,4.8077
22 Apr 2021,6.4902,7.8109,6.0064,0.83601,9.0395,5.0317,4.6745,4.8849,7.0787,5.1903,0.63470,11.7997,2.1967,172.11,0.56597,0.57797,46.3815,0.58333,0.9521,1.2953,1.2854,1.26294,3.0668,4.8250
23 Apr 2021,6.4934,7.8020,6.0143,0.83670,8.9872,5.0042,4.6483,4.8847,7.0805,5.1948,0.63333,11.6211,2.2035,172.31,0.56569,0.57764,46.6257,0.58499,0.9531,1.2987,1.2872,1.28137,3.0700,4.8324
26 Apr 2021,6.4913,7.8472,6.0144,0.83650,9.0007,5.0284,4.6691,4.8893,7.1019,5.1976,0.63309,11.5454,2.1989,171.92,0.56602,0.57794,46.3184,0.57996,0.9476,1.2926,1.2792,1.29719,3.0582,4.8377
27 Apr 2021,6.4924,7.8423,6.0011,0.83657,9.0202,5.0613,4.6932,4.8967,7.0980,5.2369,0.63134,11.5466,2.1987,171.33,0.56576,0.57765,46.3509,0.58118,0.9481,1.2916,1.2777,1.27731,3.0608,4.8408
28 Apr 2021,6.4853,7.8395,5.9629,0.83547,9.0159,5.0373,4.6715,4.8890,7.0956,5.2282,0.63172,11.5214,2.2161,171.57,0.56632,0.57827,46.2337,0.58286,0.9485,1.2911,1.2759,1.26788,3.0910,4.8374
29 Apr 2021,6.4715,7.8521,5.9624,0.83372,9.0291,5.0478,4.7028,4.8865,7.1185,5.2593,0.63381,11.4779,2.1989,171.35,0.56756,0.57959,46.0989,0.58284,0.9468,1.2878,1.2631,1.26730,3.0754,4.8412
30 Apr 2021,6.4672,7.8397,5.9382,0.83306,9.0201,5.0287,4.6854,4.8760,7.1147,5.2676,0.63416,11.5349,2.2101,171.30,0.56803,0.58003,45.9428,0.58247,0.9485,1.2943,1.2663,1.26975,3.0995,4.8246
06 May 2021,6.4895,7.7905,5.9414,0.83525,9.0243,5.0287,4.6847,4.8589,7.1052,5.2886,0.63489,11.5528,2.2123,173.41,0.56609,0.57799,46.0549,0.58700,0.9542,1.3077,1.2859,1.28319,3.1212,4.7973
07 May 2021,6.4678,7.8003,5.9288,0.83252,8.9832,5.0330,4.6756,4.8491,7.1229,5.3190,0.63755,11.4780,2.1949,173.58,0.56804,0.58007,45.9414,0.58599,0.9533,1.3028,1.2843,1.28141,3.1094,4.8283
10 May 2021,6.4425,7.8359,5.9311,0.82959,9.0362,5.0570,4.6931,4.8605,7.1496,5.3131,0.63808,11.4442,2.1833,173.23,0.57039,0.58245,45.6888,0.58105,0.9492,1.2899,1.2754,1.28004,3.0923,4.8333
11 May 2021,6.4254,7.7944,5.9014,0.82736,9.0717,5.0313,4.6664,4.8419,7.1296,5.3091,0.63927,11.5779,2.1859,173.78,0.57190,0.58396,45.8916,0.58498,0.9539,1.2981,1.2869,1.28800,3.1008,4.8434
12 May 2021,6.4258,7.8027,5.9125,0.82724,9.0830,5.0357,4.6662,4.8447,7.1092,5.3117,0.64092,11.5461,2.1774,174.38,0.57169,0.58372,45.9413,0.58177,0.9528,1.2950,1.2859,1.29166,3.1073,4.8503
13 May 2021,6.4612,7.8023,5.8911,0.83190,9.0839,4.9951,4.6306,4.8451,7.1078,5.3294,0.63847,11.5499,2.1854,174.98,0.56855,0.58050,45.7970,0.58360,0.9529,1.3042,1.2912,1.30606,3.1180,4.8427
14 May 2021,6.4525,7.7920,5.8930,0.83070,9.0638,4.9843,4.6335,4.8373,7.1225,5.3028,0.63934,11.4758,2.1894,174.93,0.56927,0.58133,45.7923,0.58093,0.9544,1.3029,1.2946,1.31810,3.0922,4.8606
17 May 2021,6.4307,7.8108,5.8787,0.82788,9.0661,5.0020,4.6577,4.8247,7.1328,5.3089,0.64204,11.4958,2.1991,175.40,0.57119,0.58322,45.4884,0.57980,0.9520,1.2944,1.2785,1.31386,3.0902,4.8751
18 May 2021,6.4357,7.8233,5.8944,0.82867,9.1043,5.0025,4.6450,4.8204,7.1259,5.3344,0.64137,11.4652,2.1901,176.46,0.57065,0.58268,44.9257,0.57866,0.9504,1.2941,1.2827,1.29088,3.0724,4.8879
19 May 2021,6.4255,7.8533,5.8999,0.82746,9.1167,5.0076,4.6537,4.8309,7.1575,5.3249,0.64189,11.4616,2.1797,175.65,0.57166,0.58370,44.6449,0.57570,0.9469,1.2891,1.2810,1.30057,3.0883,4.8917
20 May 2021,6.4464,7.8491,5.9008,0.83015,9.0970,4.9794,4.6200,4.8288,7.1317,5.3140,0.64241,11.4524,2.1860,175.55,0.56981,0.58179,44.6935,0.57643,0.9473,1.2953,1.2912,1.30518,3.0927,4.8777
21 May 2021,6.4300,7.8615,5.9075,0.82834,9.1204,4.9975,4.6273,4.8322,7.1641,5.3299,0.64452,11.4279,2.1746,175.34,0.57130,0.58328,44.4263,0.57144,0.9458,1.2913,1.2908,1.30360,3.0916,4.8779
24 May 2021,6.4408,7.8451,5.9129,0.82959,9.1087,4.9784,4.6188,4.8362,7.1750,5.3369,0.64273,11.4396,2.1678,175.10,0.57031,0.58230,44.4807,0.57273,0.9479,1.2921,1.3013,1.30761,3.0949,4.8716
25 May 2021,6.4283,7.8503,5.9056,0.82794,9.0986,4.9822,4.6370,4.8387,7.1653,5.3343,0.64503,11.4382,2.1668,175.12,0.57146,0.58352,44.2189,0.57094,0.9473,1.2937,1.2962,1.30414,3.0912,4.8776
26 May 2021,6.4099,7.8517,5.8920,0.82575,9.0674,4.9688,4.6317,4.8371,7.1584,5.3130,0.64628,11.4653,2.1629,175.06,0.57301,0.58504,44.4139,0.57081,0.9470,1.2880,1.2959,1.31877,3.1051,4.8905
27 May 2021,6.4030,7.8066,5.8667,0.82481,9.0386,4.9553,4.6606,4.8322,7.1317,5.2797,0.64724,11.4944,2.1493,174.58,0.57363,0.58576,44.7826,0.57647,0.9526,1.2989,1.3069,1.32026,3.1056,4.8913
28 May 2021,6.3858,7.7822,5.8110,0.82281,9.0654,4.9414,4.6485,4.8189,7.1146,5.2881,0.64855,11.5106,2.1561,175.15,0.57539,0.58756,44.7273,0.57700,0.9556,1.2969,1.3077,1.33176,3.1268,4.9006
31 May 2021,6.3682,7.7616,5.7939,0.82043,9.0287,4.9088,4.6108,4.8119,7.0738,5.2709,0.65024,11.5088,2.1652,175.14,0.57701,0.58919,44.8116,0.57764,0.9582,1.3045,1.3130,1.34669,3.1323,4.9087
01 Jun 2021,6.3572,7.7720,5.8046,0.81913,9.0381,4.9203,4.6225,4.8122,7.0731,5.2693,0.64889,11.5384,2.1594,174.30,0.57793,0.59024,44.6638,0.57624,0.9569,1.3037,1.3077,1.33620,3.1360,4.9075
02 Jun 2021,6.3773,7.7905,5.8248,0.82188,9.0251,4.9451,4.6255,4.8213,7.1074,5.2813,0.64688,11.5242,2.1574,173.57,0.57594,0.58814,44.4242,0.57255,0.9545,1.2968,1.3045,1.35016,3.1313,4.8847
03 Jun 2021,6.3811,7.7895,5.8210,0.82239,9.0408,4.9428,4.6150,4.8247,7.1040,5.2998,0.64614,11.4605,2.1186,174.13,0.57570,0.58789,44.4857,0.57196,0.9545,1.2962,1.3009,1.34673,3.1205,4.8785
04 Jun 2021,6.4072,7.7713,5.8099,0.82585,9.0386,4.9084,4.5789,4.8247,7.0906,5.2911,0.64392,11.4339,2.1264,174.35,0.57324,0.58533,44.6612,0.57394,0.9568,1.3001,1.3076,1.35911,3.1448,4.8698
07 Jun 2021,6.3963,7.7789,5.8351,0.82463,9.0559,4.9483,4.6081,4.8291,7.1115,5.2944,0.64569,11.3824,2.0994,173.75,0.57437,0.58647,44.4526,0.57256,0.9559,1.2944,1.2987,1.35674,3.1220,4.8736
08 Jun 2021,6.3909,7.7896,5.8478,0.82367,9.0594,4.9568,4.6168,4.8310,7.1194,5.2885,0.64555,11.3832,2.1174,173.94,0.57474,0.58691,44.5163,0.57348,0.9546,1.2929,1.2929,1.34737,3.1030,4.8783
09 Jun 2021,6.3956,7.7849,5.8418,0.82425,9.0500,4.9489,4.6019,4.8304,7.1305,5.2799,0.64431,11.2897,2.1223,174.47,0.57433,0.58648,44.7926,0.57317,0.9552,1.2935,1.2928,1.34526,3.0814,4.8786
10 Jun 2021,6.3972,7.7889,5.8348,0.82434,9.0257,4.9432,4.5873,4.8282,7.1395,5.2800,0.64373,11.3060,2.1473,174.51,0.57425,0.58640,44.4584,0.57428,0.9547,1.2922,1.2935,1.34203,3.0847,4.8727
11 Jun 2021,6.3856,7.7729,5.8370,0.82291,9.0488,4.9489,4.5911,4.8240,7.1367,5.2797,0.64506,11.2327,2.1293,174.22,0.57528,0.58747,44.4371,0.57477,0.9566,1.2921,1.2954,1.31989,3.0850,4.8750
15 Jun 2021,6.4070,7.7643,5.8222,0.82542,9.0398,4.9416,4.5793,4.8297,7.1233,5.2766,0.64192,11.2522,2.1493,174.44,0.57329,0.58542,45.0529,0.58147,0.9576,1.2990,1.2974,1.32103,3.1117,4.8576
16 Jun 2021,6.4078,7.7685,5.8212,0.82544,9.0217,4.9242,4.5624,4.8266,7.1312,5.2586,0.64260,11.2703,2.1489,174.37,0.57327,0.58535,45.2122,0.58263,0.9573,1.2991,1.2981,1.33562,3.1274,4.8633
17 Jun 2021,6.4298,7.7065,5.8023,0.82821,8.9868,4.8932,4.5454,4.8095,7.0685,5.2334,0.64162,11.3060,2.1816,175.47,0.57180,0.58381,45.6858,0.58707,0.9649,1.3168,1.3189,1.34132,3.1705,4.8681
18 Jun 2021,6.4361,7.6671,5.8360,0.82893,8.9691,4.8631,4.5138,4.7955,7.0138,5.2135,0.64313,11.2366,2.1921,175.76,0.57067,0.58267,46.3929,0.59439,0.9699,1.3283,1.3268,1.35458,3.1736,4.8787
21 Jun 2021,6.4546,7.6647,5.8580,0.83148,8.9222,4.8447,4.4876,4.8001,7.0002,5.1872,0.64122,11.2801,2.2210,175.69,0.56894,0.58093,46.3676,0.59365,0.9700,1.3329,1.3419,1.35621,3.1935,4.8749
22 Jun 2021,6.4613,7.6982,5.8590,0.83220,8.9992,4.8696,4.5144,4.8121,7.0369,5.2249,0.64124,11.3054,2.2002,175.10,0.56836,0.58032,45.8897,0.58805,0.9659,1.3207,1.3272,1.35882,3.1736,4.8920
23 Jun 2021,6.4621,7.7144,5.8397,0.83211,9.0155,4.8803,4.5341,4.8092,7.0370,5.2505,0.64323,11.2559,2.2055,175.12,0.56830,0.58032,45.4045,0.58542,0.9636,1.3118,1.3215,1.33832,3.1490,4.9026
24 Jun 2021,6.4824,7.7326,5.8403,0.83479,9.0525,4.9108,4.5685,4.8163,7.0586,5.2692,0.64204,11.1970,2.1955,175.44,0.56660,0.57854,45.2839,0.58559,0.9617,1.3083,1.3169,1.33270,3.1157,4.9151
25 Jun 2021,6.4744,7.7234,5.8381,0.83411,9.0113,4.9095,4.5724,4.8207,7.0520,5.2548,0.64233,11.1646,2.1937,174.78,0.56730,0.57922,45.5000,0.58513,0.9629,1.3093,1.3131,1.34426,3.0653,4.9244
28 Jun 2021,6.4578,7.7091,5.8286,0.83205,8.9700,4.9001,4.5649,4.8099,7.0419,5.2525,0.64344,11.1802,2.1935,174.63,0.56875,0.58072,45.5429,0.58541,0.9646,1.3152,1.3153,1.35640,3.0707,4.9240
29 Jun 2021,6.4567,7.6995,5.8377,0.83184,8.9598,4.8843,4.5473,4.8081,7.0195,5.2337,0.64228,11.1758,2.2087,175.01,0.56886,0.58088,45.5036,0.58460,0.9658,1.3185,1.3207,1.34545,3.0693,4.9466
30 Jun 2021,6.4601,7.6862,5.8428,0.83208,8.9410,4.8528,4.5153,4.8027,7.0134,5.2097,0.64268,11.2593,2.2219,174.98,0.56861,0.58061,45.7329,0.58792,0.9674,1.3195,1.3250,1.35193,3.0677,4.9634
01 Jul 2021,6.4709,7.6701,5.8224,0.83336,8.9464,4.8506,4.5244,4.8095,6.9927,5.2202,0.64174,11.3020,2.2060,174.64,0.56774,0.57979,45.8008,0.58954,0.9694,1.3217,1.3306,1.34552,3.0815,4.9527
02 Jul 2021,6.4712,7.6634,5.7991,0.83338,8.9031,4.8301,4.5066,4.7947,6.9866,5.2004,0.64286,11.3505,2.2350,175.20,0.56768,0.57965,45.8077,0.58918,0.9703,1.3261,1.3335,1.34058,3.0918,4.9575
05 Jul 2021,6.4695,7.6716,5.8213,0.83297,8.9482,4.8647,4.5448,4.8032,7.0201,5.2474,0.64302,11.3095,2.2015,174.80,0.56763,0.57960,45.8328,0.58810,0.9691,1.3210,1.3308,1.34301,3.0606,4.9685
06 Jul 2021,6.4613,7.6657,5.8252,0.83178,8.9519,4.8733,4.5580,4.8051,7.0071,5.2368,0.64329,11.3657,2.2066,175.11,0.56843,0.58048,45.8818,0.58698,0.9701,1.3234,1.3253,1.34089,3.0708,4.9687
07 Jul 2021,6.4762,7.6538,5.8524,0.83376,8.9353,4.8525,4.5422,4.8049,7.0020,5.1970,0.64182,11.4975,2.2191,175.30,0.56730,0.57932,46.2228,0.58959,0.9713,1.3279,1.3443,1.34151,3.0914,4.9823
08 Jul 2021,6.4705,7.6323,5.8504,0.83293,8.9299,4.8426,4.5378,4.7971,6.9920,5.1846,0.64339,11.5362,2.2095,176.18,0.56765,0.57968,46.7494,0.59397,0.9743,1.3328,1.3492,1.34204,3.0837,4.9963
09 Jul 2021,6.4755,7.6682,5.8970,0.83360,8.9280,4.8115,4.4979,4.7875,7.0776,5.1658,0.64567,11.5246,2.2109,176.86,0.56720,0.57923,46.5877,0.59198,0.9696,1.3277,1.3572,1.34154,3.0873,5.0204
12 Jul 2021,6.4785,7.6889,5.8771,0.83401,9.0012,4.8483,4.5346,4.7932,7.0861,5.2004,0.64615,11.4638,2.1984,176.82,0.56708,0.57913,46.1677,0.59105,0.9671,1.3248,1.3410,1.33689,3.0696,5.0269
13 Jul 2021,6.4757,7.6813,5.8689,0.83383,8.9920,4.8437,4.5246,4.7911,7.0763,5.1994,0.64713,11.4912,2.2229,177.00,0.56721,0.57920,46.2438,0.59246,0.9682,1.3260,1.3428,1.33352,3.0644,5.0445
14 Jul 2021,6.4806,7.6320,5.8583,0.83445,8.9492,4.8244,4.5022,4.7796,7.0526,5.1766,0.64735,11.4821,2.2741,177.51,0.56679,0.57881,46.7822,0.59978,0.9744,1.3352,1.3547,1.33077,3.0942,5.0398
15 Jul 2021,6.4640,7.6483,5.8769,0.83222,8.9548,4.8338,4.5471,4.7759,7.0669,5.1641,0.64960,11.4675,2.2421,177.32,0.56822,0.58024,46.8654,0.59721,0.9724,1.3338,1.3522,1.32859,3.0797,5.0495
16 Jul 2021,6.4705,7.6412,5.8919,0.83298,8.9469,4.8040,4.5327,4.7759,7.0500,5.1362,0.64935,11.5062,2.2509,176.59,0.56779,0.57981,46.9046,0.59925,0.9732,1.3390,1.3634,1.32435,3.0811,5.0527
19 Jul 2021,6.4700,7.6408,5.8851,0.83288,8.9026,4.7813,4.5265,4.7687,7.0402,5.1276,0.65000,11.4490,2.2267,176.47,0.56770,0.57972,47.0258,0.59984,0.9733,1.3414,1.3679,1.31960,3.0772,5.0644
20 Jul 2021,6.4855,7.6481,5.9217,0.83458,8.8660,4.7609,4.4971,4.7552,7.0616,5.0875,0.65098,11.5087,2.2453,177.38,0.56635,0.57835,47.0485,0.60081,0.9724,1.3401,1.3800,1.32364,3.0915,5.0648
21 Jul 2021,6.4835,7.6375,5.8985,0.83418,8.8367,4.7554,4.4857,4.7448,7.0374,5.1140,0.65171,11.4692,2.2563,177.18,0.56653,0.57854,47.0457,0.60141,0.9740,1.3416,1.3882,1.32244,3.1066,5.0608
22 Jul 2021,6.4651,7.6236,5.8630,0.83173,8.8646,4.7537,4.5000,4.7404,7.0457,5.1445,0.65445,11.4337,2.2547,178.02,0.56808,0.58016,47.1837,0.60048,0.9757,1.3438,1.3741,1.32392,3.1176,5.0803
23 Jul 2021,6.4650,7.6122,5.8709,0.83195,8.9044,4.7731,4.5131,4.7573,7.0348,5.1459,0.65314,11.3921,2.2755,177.74,0.56812,0.58017,46.9854,0.59953,0.9771,1.3423,1.3688,1.32422,3.1099,5.0850
26 Jul 2021,6.4763,7.6243,5.8595,0.83343,8.9098,4.7718,4.5216,4.7612,7.0421,5.1540,0.65247,11.3733,2.2894,177.80,0.56712,0.57920,47.2415,0.60031,0.9753,1.3420,1.3679,1.32064,3.0984,5.0836
27 Jul 2021,6.4734,7.6418,5.8661,0.83229,8.9494,4.7806,4.5317,4.7687,7.0709,5.1619,0.65322,11.3708,2.2828,177.84,0.56729,0.57937,47.2978,0.60103,0.9732,1.3325,1.3616,1.32183,3.0961,5.0805
28 Jul 2021,6.4929,7.6741,5.9147,0.83422,9.0140,4.7825,4.5202,4.7747,7.1011,5.1566,0.65202,11.3285,2.2778,177.29,0.56566,0.57766,46.7949,0.59897,0.9690,1.3280,1.3676,1.31850,3.0754,5.0729
29 Jul 2021,6.4942,7.6932,5.9115,0.83502,9.0317,4.7911,4.5200,4.7877,7.1385,5.1880,0.65147,11.3184,2.2712,177.26,0.56549,0.57743,46.8307,0.59727,0.9666,1.3229,1.3544,1.31769,3.0683,5.0588
30 Jul 2021,6.4602,7.6791,5.9013,0.83120,9.0180,4.7781,4.5286,4.7750,7.1305,5.1894,0.65621,11.3344,2.2548,177.29,0.56877,0.58085,46.5634,0.59513,0.9686,1.3243,1.3517,1.30959,3.0761,5.0891
02 Aug 2021,6.4660,7.6725,5.8927,0.83185,8.9867,4.7487,4.5096,4.7739,7.1373,5.1852,0.65286,11.3053,2.2610,178.03,0.56800,0.57997,46.7573,0.59505,0.9694,1.3295,1.3651,1.30545,3.0741,5.0939
03 Aug 2021,6.4610,7.6714,5.9111,0.83103,8.9752,4.7588,4.5142,4.7747,7.1368,5.1686,0.65369,11.2893,2.2389,178.05,0.56850,0.58050,46.4952,0.59422,0.9697,1.3301,1.3659,1.29279,3.0803,5.0974
04 Aug 2021,6.4655,7.6730,5.9317,0.83135,8.9964,4.7824,4.5536,4.7858,7.1535,5.1580,0.65313,11.2758,2.2136,177.61,0.56809,0.58007,46.3391,0.59325,0.9692,1.3307,1.3633,1.29997,3.0741,5.1080
05 Aug 2021,6.4691,7.6579,5.9076,0.83183,8.9848,4.7759,4.5572,4.7865,7.1360,5.1575,0.65247,11.3172,2.2207,176.97,0.56776,0.57975,46.3137,0.59323,0.9710,1.3307,1.3666,1.31044,3.0878,5.1227
06 Aug 2021,6.4625,7.6466,5.8871,0.83103,9.0010,4.7840,4.5560,4.7832,7.1270,5.1711,0.65234,11.3158,2.2458,176.81,0.56833,0.58031,46.2086,0.59448,0.9726,1.3329,1.3636,1.31925,3.0841,5.1464
09 Aug 2021,6.4840,7.6181,5.8806,0.83335,8.9889,4.7559,4.5339,4.7820,7.0806,5.1573,0.65096,11.3360,2.2586,176.77,0.56638,0.57837,46.4046,0.60033,0.9760,1.3385,1.3760,1.33043,3.0971,5.1522
10 Aug 2021,6.4842,7.6100,5.8774,0.83324,8.9782,4.7529,4.5339,4.7759,7.0427,5.1559,0.65208,11.3592,2.2796,176.84,0.56646,0.57837,46.4049,0.59967,0.9773,1.3427,1.3798,1.33345,3.0958,5.1594
11 Aug 2021,6.4831,7.5979,5.8640,0.83314,8.9700,4.7634,4.5437,4.7681,7.0251,5.1784,0.65234,11.4034,2.2827,177.81,0.56655,0.57848,46.5270,0.60245,0.9788,1.3448,1.3770,1.32722,3.0989,5.1607
12 Aug 2021,6.4754,7.6034,5.8663,0.83243,8.9817,4.7752,4.5613,4.7741,7.0269,5.1788,0.65434,11.3279,2.2618,178.45,0.56712,0.57906,46.5102,0.60215,0.9780,1.3406,1.3669,1.33253,3.0777,5.1235
13 Aug 2021,6.4799,7.6051,5.8704,0.83264,8.9500,4.7573,4.5386,4.7725,7.0195,5.1762,0.65341,11.3526,2.2801,179.72,0.56683,0.57880,46.3953,0.60138,0.9778,1.3401,1.3655,1.32166,3.0790,5.1121